172.717010,-43.514633,3.050000,4.28,29,1285400792,1285400817,0.00,0.00,0.00
172.614105,-43.673370,0.000000,4.61,80,1285401712,1285401732,0.16,0.00,0.00
172.547180,-43.684383,0.000000,4.39,46,1285449779,1285449796,0.21,0.00,0.00
172.513275,-43.593967,9.950000,4.18,19,1285450256,1285450279,0.40,0.00,0.00
172.581177,-43.679386,4.650000,4.27,19,1285454771,1285454789,0.56,0.00,0.00
172.573257,-43.616970,0.000000,4.18,22,1285455956,1285455980,0.37,0.00,0.00
172.800293,-43.567303,6.650000,4.02,10,1285466547,1285466568,0.00,0.00,0.00
172.496292,-43.566303,1.750000,4.22,13,1285600465,1285600485,0.28,0.00,0.00
172.433304,-43.513298,0.000000,4.33,59,1285792757.,1285792945,0.23,0.00,0.00
172.470093,-43.651707,0.000000,4.03,15,1285905975,1285906016,0.37,0.00,0.00
172.318924,-43.586803,1.750000,4.25,16,1285917888,1285917949,0.00,0.00,0.00
172.609940,-43.565792,9.650000,4.00,8,1286184567.442194,1286184600,0.00,0.00,0.00
172.125305,-43.611298,9.550000,4.26,17,1286213362.709928,1286213443,0.34,0.00,0.00
172.525269,-43.563969,0.000000,4.08,10,1286273461.474595,1286273562,0.32,0.00,0.00
172.562546,-43.595840,0.000000,4.06,14,1286472593.212600,1286472602,0.00,0.00,0.00
172.5965,-43.6132,1.7500,3.99,8,1287158216.138166,1287158226,0.00,0.00,0.00
172.4646,-43.7188,4.9500,4.60,193,1287135100.755699,1287135358,0.12,0.00,0.00
172.3350,-43.4947,0.2500,4.08,18,1287197830.320604,1287197850,0.00,0.00,0.00
172.4559,-43.4768,0.0000,4.26,18,1287296451.000793,1287296468,0.33,0.00,0.00
172.3611,-43.5774,3.4500,4.50,121,1287347304.667301,1287347395,0.09,0.00,0.00
172.4542,-43.6204,0.0000,3.92,10,1287364287.438148,1287364304,0.00,0.00,0.00
172.4834,-43.6599,0.0000,5.02,194,1287441136.350533,1287441575,0.10,0.00,0.00
172.6230,-43.6487,0.0000,4.31,40,1287441680.164809,1287441786,0.00,0.00,0.00
172.3906,-43.6584,6.5500,4.24,27,1287447865.558522,1287447910,0.27,0.00,0.00
172.3665,-43.5432,4.2500,4.31,50,1287519477.687954,1287519521,0.00,0.00,0.00
172.1865,-43.5029,15.2500,3.99,7,1287823286.637296,1287823372,0.65,0.00,0.00
172.4645,-43.6223,0.0000,4.03,13,1287878564.351299,1287878578,0.39,0.00,0.00
172.8674,-43.5171,5.7500,4.74,126,1287886411.221255,1287886715,0.09,0.00,0.00
172.3252,-43.5934,0.0000,3.97,7,1288592395.308621,1288592410,0.53,0.00,0.00
172.3912,-43.5764,2.7500,4.77,12,1288782228.612009,1288782272,0.00,0.00,0.00
172.3894,-43.5599,2.6500,5.36,66,1289651647.920594,1289651681,0.00,0.00,0.00
172.3451,-43.5904,5.0500,5.63,99,1289715665.749161,1289715740,0.00,0.00,0.00
172.8078,-43.4198,0.3000,4.75,13,1291584679.371641,1291584692,0.39,0.00,0.00
172.8535,-43.5404,6.6500,5.25,26,1293282422.173729,1293282527,0.00,0.00,0.00
172.6531,-43.5628,6.3500,4.50,9,1293282515.132182,1293282527,0.47,0.00,0.00
172.6155,-43.4249,0.0000,4.39,7,1293283929.817566,1293283938,0.53,0.00,0.00
172.6077,-43.6668,0.0000,5.14,19,1293303820.888746,1293303844,0.23,0.00,0.00
172.7014,-43.5415,19.6500,5.53,31,1293312614.374637,1293312635,0.31,0.00,0.00
172.5515,-43.4369,0.0000,4.85,10,1293312739.238883,1293312756,0.00,0.00,0.00
172.7313,-43.5503,5.2500,4.66,10,1293317588.387205,1293317627,0.00,0.00,0.00
172.6911,-43.6298,0.0000,5.00,15,1293320072.814562,1293320174,0.00,0.00,0.00
172.6787,-43.6208,0.0000,5.05,20,1293322354.105056,1293322456,0.32,0.00,0.00
172.7277,-43.6570,6.6500,5.41,25,1293361847.283603,1293361865,0.20,0.00,0.00
172.3363,-43.4978,19.2500,5.06,11,1293843943.861694,1293843967,0.43,0.00,0.00
172.6693,-43.6313,0.6000,4.79,18,1294185650.740144,1294185663,0.41,0.00,0.00
172.6720,-43.5368,1.2500,4.53,15,1295410905.157911,1295410914,0.37,0.00,0.00
172.5229,-43.6438,3.8500,5.34,40,1295456601.491206,1295456650,0.22,0.00,0.00
172.6686,-43.5427,11.5500,5.10,30,1295475006.927241,1295475022,0.32,0.00,0.00
172.5153,-43.6010,0.0000,4.69,17,1295480204.674489,1295480219,0.34,0.00,0.00
172.5051,-43.6223,0.0000,4.78,18,1295529143.636634,1295529157,0.33,0.00,0.00
172.6726,-43.5697,5.0500,4.75,28,1295900032.469820,1295900047,0.00,0.00,0.00
172.3434,-43.6059,11.7500,4.90,10,1296795391.033329,1296795404,0.00,0.00,0.00
172.6101,-43.5821,3.5500,5.58,14,1298332303.677938,1298332328,0.53,0.00,0.00
172.6321,-43.5761,2.6500,4.95,7,1298333061.317966,1298333083,0.65,0.00,0.00
172.6137,-43.5934,2.0500,5.43,7,1298339432.503591,1298339452,0.65,0.00,0.00
172.6934,-43.6159,3.3500,4.41,7,1298354377.109376,1298354386,0.53,0.00,0.00
172.4254,-43.4094,15.9500,4.87,8,1298357012.994938,1298357049,0.00,0.00,0.00
172.7121,-43.3993,12.7500,4.73,7,1298362865.514133,1298362896,0.53,0.00,0.00
172.5554,-43.5554,2.7500,4.41,9,1298369127.358937,1298369136,0.47,0.00,0.00
172.8144,-43.6849,11.7500,5.15,12,1298372537.719452,1298372552,0.00,0.00,0.00
172.6615,-43.5812,1.7500,4.31,7,1298375362.614755,1298375372,0.65,0.00,0.00
172.6857,-43.5820,1.9500,4.59,11,1298383480.738857,1298383490,0.43,0.00,0.00
172.7074,-43.6429,3.8500,5.01,13,1298385014.567619,1298385032,0.28,0.00,0.00
172.4983,-43.5425,1.7500,4.45,8,1298389490.110552,1298389515,0.35,0.00,0.00
172.7254,-43.5909,1.8500,4.81,10,1298394021.080915,1298394032,0.00,0.00,0.00
172.7092,-43.7543,0.0000,5.02,10,1298403015.963681,1298403029,0.00,0.00,0.00
172.5685,-43.5816,1.9500,4.45,10,1298403788.458893,1298403849,0.00,0.00,0.00
172.7651,-43.5158,1.9500,4.72,10,1298422756.905635,1298422768,0.32,0.00,0.00
172.6741,-43.6017,1.7500,5.05,14,1298422757.897901,1298422774,0.00,0.00,0.00
172.6951,-43.5878,1.7500,4.71,13,1298422758.286155,1298422771,0.39,0.00,0.00
172.7050,-43.5688,1.8500,4.36,8,1298427732.263023,1298427741,0.00,0.00,0.00
172.6355,-43.6136,1.7500,4.72,13,1298429001.353678,1298429019,0.39,0.00,0.00
172.6381,-43.4648,3.2500,4.25,8,1298439585.836727,1298439598,0.00,0.00,0.00
172.8245,-43.5032,1.9500,4.99,15,1298459577.574698,1298459619,0.37,0.00,0.00
172.5510,-43.5578,16.9500,4.71,9,1298459577.540648,1298459587,0.47,0.00,0.00
172.7384,-43.5931,25.5500,5.45,18,1298493871.357977,1298493967,0.00,0.00,0.00
172.8114,-43.6131,11.7500,5.01,11,1298494005.770376,1298494046,0.30,0.00,0.00
172.7921,-43.7358,0.0000,4.89,7,1298503365.483260,1298503433,0.53,0.00,0.00
172.7548,-43.4798,14.2500,4.68,7,1298526693.000760,1298526791,0.65,0.00,0.00
172.7674,-43.6261,11.7500,5.44,24,1298608810.359294,1298608838,0.20,0.00,0.00
172.4755,-43.6216,2.1500,4.49,7,1298614490.188632,1298614498,0.53,0.00,0.00
172.5484,-43.5551,5.5500,4.31,8,1298652578.544030,1298652589,0.00,0.00,0.00
172.6358,-43.6410,1.8500,4.47,9,1298652578.251243,1298652590,0.47,0.00,0.00
172.6358,-43.6410,1.8500,4.48,8,1298652578.276992,1298652612,0.00,0.00,0.00
172.6664,-43.5971,2.0500,4.43,9,1298656349.554837,1298656360,0.47,0.00,0.00
172.6684,-43.6011,1.8500,4.56,11,1298656349.921459,1298656366,0.43,0.00,0.00
172.6925,-43.5782,1.7500,4.53,10,1298832932.028138,1298832940,0.32,0.00,0.00
172.7065,-43.5884,1.7500,5.00,16,1298832932.083215,1298832973,0.25,0.00,0.00
172.7027,-43.5723,1.8500,4.51,10,1298842544.918403,1298842552,0.00,0.00,0.00
172.7368,-43.5888,1.7500,4.88,25,1298842544.607632,1298842562,0.20,0.00,0.00
172.7118,-43.5937,1.7500,4.41,8,1298843038.162924,1298843047,0.00,0.00,0.00
172.6961,-43.5777,0.2500,4.47,9,1298843038.431581,1298843111,0.58,0.00,0.00
172.7092,-43.6134,1.7500,4.42,8,1298918439.552959,1298918451,0.00,0.00,0.00
172.8254,-43.6191,4.7500,5.37,24,1298923813.022827,1298923856,0.00,0.00,0.00
172.6702,-43.6547,1.8500,4.98,17,1298923816.403798,1298923919,0.00,0.00,0.00
172.6892,-43.6094,1.7500,4.41,7,1298953078.835815,1298953088,0.65,0.00,0.00
172.6790,-43.6028,1.9500,4.79,20,1298972530.477955,1298972545,0.32,0.00,0.00
172.6510,-43.6128,1.7500,4.97,27,1298972530.591563,1298972618,0.27,0.00,0.00
172.7860,-43.5988,5.0500,5.13,17,1299074106.411611,1299074123,0.34,0.00,0.00
172.6792,-43.6074,1.7500,4.51,10,1299118612.725066,1299118623,0.00,0.00,0.00
172.6882,-43.6104,1.7500,4.63,11,1299118612.698884,1299118713,0.43,0.00,0.00
172.7133,-43.7473,1.9500,4.92,8,1299131584.768128,1299131595,0.35,0.00,0.00
172.7545,-43.4644,17.5500,5.06,11,1299275344.804760,1299275420,0.52,0.67,0.79
172.7057,-43.5918,1.7500,4.82,16,1299296372.495843,1299296421,0.00,0.97,0.30
172.7763,-43.6373,14.0500,5.25,13,1299306842.512054,1299306851,0.48,0.88,0.41
172.7570,-43.6628,5.4500,5.82,47,1299306842.482505,1299306884,0.25,0.92,0.57
172.7283,-43.5523,1.7500,4.45,12,1299311686.716848,1299311695,0.00,0.88,0.27
172.7393,-43.5533,1.7500,4.62,15,1299311686.438690,1299311702,0.37,0.91,0.28
172.7267,-43.5878,1.7500,4.60,12,1299318340.383206,1299318440,0.00,0.77,0.54
172.7551,-43.5708,2.8500,4.64,10,1299319237.995074,1299319257,0.00,0.97,0.25
172.7074,-43.5791,3.9500,4.74,15,1299493608.821415,1299493710,0.26,0.95,0.31
172.6431,-43.5753,1.7500,4.37,9,1299548857.956222,1299548867,0.47,0.94,0.30
172.7320,-43.5568,3.5500,4.29,8,1299555643.015851,1299555677,0.00,0.91,0.37
172.6000,-43.7035,5.7500,4.80,9,1299574981.540246,1299574989,0.47,0.61,1.09
172.6543,-43.6133,1.7500,5.13,36,1299574983.908934,1299575051,0.24,0.70,0.75
172.6353,-43.5834,7.1500,4.61,7,1299574986.692143,1299575089,0.65,0.93,0.17
172.7178,-43.5880,1.7500,4.58,12,1299615904.265690,1299615915,0.00,0.83,0.54
172.6455,-43.6096,1.7500,4.83,17,1299629935.375271,1299629945,0.24,0.73,0.65
172.6748,-43.6278,1.7500,5.22,28,1299629935.452019,1299629959,0.00,0.65,0.86
172.6578,-43.5533,2.1500,4.36,8,1299629935.853170,1299629941,0.35,0.99,0.10
172.6880,-43.5445,1.7500,4.47,10,1299639281.739935,1299639357,0.00,0.91,0.23
172.5800,-43.5778,2.8500,4.56,11,1299659759.849008,1299659768,0.43,0.57,0.50
172.6521,-43.6213,1.7500,4.98,21,1299659760.351497,1299659783,0.38,0.82,0.59
172.6297,-43.5923,2.7500,4.48,8,1299674930.668067,1299675018,0.00,0.71,0.41
172.6603,-43.6003,1.7500,4.56,12,1299715532.316811,1299715544,0.00,0.96,0.40
172.6603,-43.6003,1.7500,4.56,12,1299715532.316811,1299715595,0.00,0.96,0.40
172.5496,-43.6074,22.6500,5.24,12,1299740829.520661,1299740841,0.29,0.75,0.71
172.8250,-43.5978,7.1500,5.50,27,1299740830.637994,1299740856,0.27,0.77,0.80
172.6991,-43.6378,2.5500,5.16,22,1299740831.237283,1299740849,0.52,0.81,0.69
172.7551,-43.6208,2.0500,5.12,19,1299769239.655231,1299769263,0.23,0.85,0.75
172.7240,-43.5018,2.5500,4.36,10,1299777087.224007,1299777094,0.00,0.98,0.18
172.7200,-43.5038,2.4500,4.48,12,1299777087.321214,1299777101,0.00,0.98,0.17
172.7663,-43.6273,1.8500,5.30,33,1299850630.934871,1299850717,0.25,0.54,1.33
172.7663,-43.6273,1.8500,5.29,32,1299850630.659043,1299850668,0.00,0.57,1.26
172.7473,-43.6323,1.7500,4.86,15,1299909289.328910,1299909391,0.37,0.51,1.09
172.6053,-43.5973,3.2500,4.54,11,1299930383.247251,1299930396,0.43,0.78,0.54
172.7072,-43.6013,1.7500,4.70,17,1300087768.933216,1300087781,0.34,0.84,0.59
172.7145,-43.5912,1.9500,4.89,22,1300087769.351957,1300087794,0.30,0.74,0.65
172.6241,-43.6003,1.7500,4.13,7,1300435146.072591,1300435232,0.65,0.90,0.36
172.9586,-43.5227,11.9500,5.34,21,1300610858.643086,1300610872,0.22,0.53,1.32
172.8732,-43.4995,6.5500,5.47,38,1300610860.141417,1300610925,0.23,0.70,0.97
172.7363,-43.5763,1.9500,4.24,8,1301111483.732180,1301111533,0.35,0.97,0.21
172.7876,-43.5718,6.7500,4.73,15,1301486038.104371,1301486080,0.37,0.86,0.43
172.6309,-43.6167,1.7500,4.47,9,1301696464.676449,1301696477,0.58,0.84,0.74
172.6309,-43.6167,1.7500,4.49,9,1301696464.674816,1301696541,0.58,0.84,0.73
172.7666,-43.5944,2.0500,4.46,11,1301883823.329144,1301883835,0.52,0.92,0.38
172.7666,-43.5944,2.0500,4.47,11,1301883823.329144,1301883841,0.52,0.92,0.38
172.7666,-43.5944,2.0500,4.47,11,1301883823.329144,1301883900,0.52,0.92,0.38
172.6865,-43.5972,2.0500,4.67,23,1302105437.069757,1302105451,0.36,0.71,0.54
172.7667,-43.5898,1.8500,4.81,22,1302932963.656851,1302932981,0.30,0.89,0.56
172.8117,-43.6630,5.1500,5.73,45,1302932962.287831,1302933017,0.26,0.90,0.64
172.6923,-43.5173,1.9500,4.20,12,1303176692.588083,1303176702,0.00,0.97,0.14
172.5163,-43.6793,11.7500,4.64,8,1303287061.677682,1303287125,0.00,0.93,0.33
172.7938,-43.6220,1.7500,4.28,7,1303802209.875338,1303802220,0.53,0.90,0.47
172.7122,-43.5963,1.7500,4.59,15,1303812467.289233,1303812503,0.37,0.89,0.55
172.7599,-43.6741,4.7500,4.86,19,1304542454.674757,1304542481,0.00,0.74,0.79
172.7701,-43.6788,6.1500,5.02,21,1304542454.584891,1304542550,0.31,0.94,0.38
172.6619,-43.6081,1.7500,4.37,10,1304731397.540153,1304731478,0.32,0.77,0.61
172.4219,-43.5857,2.6500,5.24,27,1304953465.550005,1304953511,0.19,0.57,1.41
172.4929,-43.6327,2.9500,5.19,28,1304953466.074773,1304953496,0.00,0.83,0.85
172.8201,-43.3443,6.0500,4.73,7,1305029302.531721,1305029314,0.65,0.98,0.19
172.7176,-43.5964,1.7500,4.16,7,1306869905.187835,1306869918,0.65,1.00,0.27
172.3112,-43.6463,11.7500,5.17,14,1307308196.589042,1307308208,0.00,0.58,1.40
172.3812,-43.5765,2.2500,5.15,29,1307308196.966044,1307308217,0.19,0.75,1.42
172.3819,-43.5787,2.4500,5.33,34,1307308197.054577,1307308229,0.24,0.74,1.46
172.4009,-43.4227,24.3500,5.15,9,1307308200.960611,1307308305,0.47,0.93,0.44
172.4475,-43.5368,4.4500,4.37,10,1307336663.270822,1307336673,0.00,0.92,0.47
172.4655,-43.5538,2.7500,4.42,12,1307336663.103075,1307336760,0.00,0.96,0.34
172.7854,-43.6133,2.0500,4.98,20,1307926860.538108,1307926873,0.45,0.85,0.59
172.8025,-43.6156,12.7500,4.70,9,1307926858.407548,1307926868,0.47,0.53,0.71
172.7732,-43.6265,2.6500,5.33,23,1307926860.361405,1307926883,0.51,0.92,0.72
172.7004,-43.5891,1.7500,4.12,7,1307927313.997293,1307927325,0.65,1.00,0.39
172.9244,-43.5863,1.7500,5.03,10,1307931647.799266,1307931659,0.77,0.94,0.36
172.8103,-43.6163,2.1500,5.35,20,1307931649.356900,1307931673,0.00,0.58,1.35
172.8148,-43.5697,2.8500,4.87,10,1307976488.031261,1307976498,0.55,0.85,0.56
172.7654,-43.5883,1.9500,5.07,20,1307976489.065479,1307976590,0.32,0.84,0.87
172.6985,-43.5252,2.1500,4.17,8,1308010981.133600,1308011082,0.00,0.98,0.12
172.7866,-43.6214,1.7500,4.63,13,1308076046.993998,1308076072,0.39,0.68,0.87
172.7866,-43.6214,1.7500,4.63,13,1308076046.993998,1308076101,0.39,0.68,0.87
172.8254,-43.6509,1.8500,4.94,20,1308099823.380088,1308099853,0.32,0.81,0.81
172.8335,-43.6708,2.0500,4.91,19,1308099822.651225,1308099848,0.32,0.83,0.93
172.7596,-43.6014,0.2500,4.50,14,1308099824.908653,1308099838,0.27,0.96,0.31
172.7263,-43.6095,1.7500,4.33,9,1308132475.749736,1308132524,0.47,0.62,0.76
172.7679,-43.6293,1.7500,4.63,10,1308249447.166713,1308249457,0.32,0.63,0.84
172.7924,-43.6129,3.6500,5.04,18,1308249447.663108,1308249479,0.33,0.95,0.41
172.7243,-43.5273,0.0000,4.59,16,1308278353.571956,1308278375,0.43,0.53,1.51
172.6994,-43.4064,5.5500,4.67,13,1308278351.217196,1308278364,0.39,0.92,0.34
172.6909,-43.5677,4.6500,4.34,9,1308284518.911086,1308284525,0.47,0.74,0.38
172.6888,-43.5623,4.7500,4.45,13,1308284519.355539,1308284531,0.39,0.84,0.33
172.7399,-43.5897,1.7500,4.46,12,1308336653.131217,1308336668,0.00,0.77,0.66
172.5082,-43.6945,6.5500,5.64,27,1308652463.545946,1308652519,0.27,0.84,0.92
172.5112,-43.6845,5.8500,5.63,28,1308652463.377603,1308652494,0.27,0.91,0.70
172.4795,-43.5668,1.7500,4.37,9,1308652686.672938,1308652697,0.47,0.89,0.71
172.5885,-43.6168,1.7500,4.21,8,1308671536.359880,1308671548,0.00,0.99,0.32
172.5955,-43.6218,1.7500,4.18,7,1308671536.384101,1308671601,0.53,1.00,0.27
172.7286,-43.5174,2.2500,0.00,10,1309094443.406342,1309094469,0.00,0.93,0.47
172.6693,-43.6239,4.3500,4.27,8,1310530954.399925,1310531077,0.00,1.00,0.08
172.7073,-43.5613,0.0000,4.27,8,1310771503.127817,1310771602,0.00,0.95,0.34
172.2933,-43.6208,6.6500,5.08,18,1311269976.082009,1311270102,0.00,0.53,1.58
172.5606,-43.5504,19.6500,4.72,10,1313825470.996366,1313825595,0.32,0.73,0.71
172.8648,-43.6317,5.7500,5.18,17,1314890991.040587,1314891123,0.24,0.78,0.85
172.7736,-43.6367,5.3500,4.95,13,1315696749.637353,1315696867,0.00,1.00,0.13
172.7516,-43.6157,3.5500,4.45,11,1316397095.226107,1316397241,0.43,0.57,0.90
172.5593,-43.5618,3.0500,4.28,9,1316410862.435060,1316410990,0.47,0.90,0.37
172.5946,-43.4338,4.5500,4.48,9,1316493016.543008,1316493140,0.47,0.99,0.18
172.7673,-43.6364,2.8500,4.53,9,1318043870.800942,1318043998,0.47,0.75,0.96
172.6704,-43.5453,1.2500,4.89,20,1318145683.888535,1318145824,0.00,0.95,0.55
-122.1433,37.7410,23.2500,5.10,12,1319146862.289539,1319147006,0.50,0.75,1.09
-122.1417,37.6061,9.8500,5.44,14,1319166963.330524,1319167099,0.38,0.79,0.51
172.7746,-43.6053,1.4500,4.89,17,1324601920.407919,1324602054,0.5,0.80,1.44
172.6764,-43.5433,2.4500,4.29,13,1324602058.598259,1324602187,0.3,0.52,0.62
172.6654,-43.6173,2.0500,4.60,11,1324602389.721675,1324602510,0.3,0.87,0.74
172.7707,-43.5778,2.2500,4.30,10,1324603827.461624,1324603956,0.3,0.95,0.48
172.8566,-43.5943,3.9500,5.17,22,1324606683.154840,1324606803,0.61,0.84,1.28
172.7776,-43.5428,2.3500,4.23,8,1324608480.122896,1324608599,0.2,0.77,0.93
172.7876,-43.4898,2.2500,4.06,8,1324610077.770252,1324610200,0.2,0.66,0.96
172.6674,-43.5423,0.0000,4.20,10,1324612218.171971,1324612347,0.2,0.88,0.64
172.6946,-43.5044,0.0000,4.18,11,1324642892.891050,1324643023,0.2,0.94,0.39
172.7784,-43.5503,2.2500,4.34,10,1324661853.951494,1324661979,0.5,0.93,0.89
172.8275,-43.5281,5.4500,3.92,12,1325152131.645847,1325152147,0.2,0.98,0.27
172.7134,-43.5293,8.8500,4.44,13,1325292290.314032,1325292420,0.4,0.87,0.32
172.7615,-43.5391,6.2500,4.19,9,1325436309.641687,1325436320,0.5,0.81,0.77
174.7086,-41.4564,97.1500,4.23,12,1325483894.129539,1325484083,0.1,0.52,1.38
172.6898,-43.4648,0.9500,4.21,9,1325705337.663128,1325705460,0.2,0.99,0.43
172.7158,-43.5238,2.4500,4.03,7,1325833460.988205,1325833571,0.1,0.80,0.55
172.8466,-43.6207,14.3500,4.51,17,1325852496.683429,1325852651,0.3,0.98,0.24
172.7526,-43.5664,1.9500,4.22,10,1325898123.964451,1325898245,0.2,0.99,0.42
172.8666,-43.5467,11.7500,4.50,15,1326548871.954098,1326549011,0.3,0.99,0.18
172.2563,-43.6118,5.4500,4.00,10,1327650121.319516,1327650245,0.2,0.99,0.21
-122.3466,37.9113,6.5500,4.33,16,1330954400.640229,1330954528,0.4,0.97,0.34
172.7276,-43.6094,2.8500,4.12,8,1331985325.941137,1331985445,0.4,0.98,0.27
172.6765,-43.6151,5.0500,4.00,13,1336791452.057695,1336791579,0.2,0.77,0.40
172.6772,-43.4715,6.6500,4.01,8,1337045240.347696,1337045361,0.2,1.00,0.06
172.7713,-43.5939,2.4500,4.36,14,1337490419.120531,1337490546,0.4,0.82,0.79
172.7216,-43.5194,1.0500,4.32,14,1337913893.949836,1337914024,0.3,0.82,0.88
172.7162,-43.5155,8.0500,3.96,9,1338138033.474798,1338138159,0.1,0.93,0.26
